from,to,cost
27,5,3160.35307665183
5,27,3160.35307665183
27,4,3324.4390757702913
4,27,3324.4390757702913
27,6,2814.21259685671
6,27,2814.21259685671
27,7,2394.4540731973657
7,27,2394.4540731973657
27,8,1814.526229451058
8,27,1814.526229451058
27,47,3272.9691459911633
47,27,3272.9691459911633
27,45,2051.3462104498276
45,27,2051.3462104498276
27,32,1600.4381676227106
32,27,1600.4381676227106
27,30,564.7107462894328
30,27,564.7107462894328
27,18,2399.598077891214
18,27,2399.598077891214
27,37,945.6082912308693
37,27,945.6082912308693
27,14,1865.1511329483753
14,27,1865.1511329483753
27,22,777.7878944001138
22,27,777.7878944001138
27,16,1844.9444090462093
16,27,1844.9444090462093
27,9,1633.9783066121252
9,27,1633.9783066121252
27,21,1055.1894133998294
21,27,1055.1894133998294
27,17,992.1582475121296
17,27,992.1582475121296
27,10,1635.6871438695846
10,27,1635.6871438695846
27,29,230.5113709447292
29,27,230.5113709447292
27,28,413.78303023201187
28,27,413.78303023201187
27,31,1053.7255914964635
31,27,1053.7255914964635
27,11,2175.0048504262595
11,27,2175.0048504262595
27,26,1019.5091283084089
26,27,1019.5091283084089
27,12,1208.542091147127
12,27,1208.542091147127
27,13,1523.2119872206656
13,27,1523.2119872206656
27,25,395.2697348348665
25,27,395.2697348348665
27,41,1783.8611889910248
41,27,1783.8611889910248
27,3,3637.904726263195
3,27,3637.904726263195
27,1,4161.627669244104
1,27,4161.627669244104
27,43,2778.299611911493
43,27,2778.299611911493
27,23,937.4297445995866
23,27,937.4297445995866
27,20,1438.8839451339777
20,27,1438.8839451339777
27,24,1616.418565672442
24,27,1616.418565672442
27,49,3714.3407313534913
49,27,3714.3407313534913
27,2,4033.5352253342703
2,27,4033.5352253342703
27,48,3614.095350796462
48,27,3614.095350796462
27,34,1152.0021225153869
34,27,1152.0021225153869
27,19,2014.7374562154782
19,27,2014.7374562154782
27,46,2736.4578975001455
46,27,2736.4578975001455
27,44,3004.5340755897932
44,27,3004.5340755897932
27,33,2431.795505216248
33,27,2431.795505216248
27,39,1506.9644146596108
39,27,1506.9644146596108
27,15,2088.523486395036
15,27,2088.523486395036
27,35,744.7973498765183
35,27,744.7973498765183
27,36,733.8061690780991
36,27,733.8061690780991
27,40,1904.397882630869
40,27,1904.397882630869
27,38,1050.4949099478056
38,27,1050.4949099478056
27,42,2372.534739094887
42,27,2372.534739094887
5,4,177.3101545972552
4,5,177.3101545972552
5,6,469.44260867476873
6,5,469.44260867476873
5,7,1085.869540980294
7,5,1085.869540980294
5,8,1680.0793471897325
8,5,1680.0793471897325
5,47,1517.4735385711729
47,5,1517.4735385711729
5,45,1572.519440432248
45,5,1572.519440432248
5,32,3128.7746374466124
32,5,3128.7746374466124
5,30,3285.82665247828
30,5,3285.82665247828
5,18,3625.0865053587404
18,5,3625.0865053587404
5,37,2276.7400260134386
37,5,2276.7400260134386
5,14,2340.1376000876294
14,5,2340.1376000876294
5,22,2890.6395731552134
22,5,2890.6395731552134
5,16,2841.3848714645032
16,5,2841.3848714645032
5,9,1528.8637782745154
9,5,1528.8637782745154
5,21,2784.023141117272
21,5,2784.023141117272
5,17,2272.5623699190187
17,5,2272.5623699190187
5,10,1556.899238221752
10,5,1556.899238221752
5,29,3178.8448020566602
29,5,3178.8448020566602
5,28,3570.681243647481
28,5,3570.681243647481
5,31,3162.1094077144908
31,5,3162.1094077144908
5,11,1177.7680910601546
11,5,1177.7680910601546
5,26,3646.462185641636
26,5,3646.462185641636
5,12,1952.267691161197
12,5,1952.267691161197
5,13,2114.1714604711065
13,5,2114.1714604711065
5,25,3172.9327761671643
25,5,3172.9327761671643
5,41,2071.9012156419676
41,5,2071.9012156419676
5,3,558.6363543461965
3,5,558.6363543461965
5,1,1158.9988400731115
1,5,1158.9988400731115
5,43,2097.2458722285796
43,5,2097.2458722285796
5,23,3254.9836076870374
23,5,3254.9836076870374
5,20,3097.7474366021224
20,5,3097.7474366021224
5,24,3722.965919474356
24,5,3722.965919474356
5,49,1631.8210417565567
49,5,1631.8210417565567
5,2,876.2924239740278
2,5,876.2924239740278
5,48,1893.6911970237088
48,5,1893.6911970237088
5,34,2884.4047423146785
34,5,2884.4047423146785
5,19,3309.8935717451373
19,5,3309.8935717451373
5,46,1508.7002770660347
46,5,1508.7002770660347
5,44,2110.8920951727373
44,5,2110.8920951727373
5,33,3313.789660154113
33,5,3313.789660154113
5,39,2629.124921226748
39,5,2629.124921226748
5,15,2493.5726424237596
15,5,2493.5726424237596
5,35,2721.6810542776298
35,5,2721.6810542776298
5,36,2491.150108003518
36,5,2491.150108003518
5,40,2344.7089001041577
40,5,2344.7089001041577
5,38,2351.547940521021
38,5,2351.547940521021
5,42,2129.7490997151226
42,5,2129.7490997151226
4,6,641.3242107381744
6,4,641.3242107381744
4,7,1258.120140555796
7,4,1258.120140555796
4,8,1857.0979554484825
8,4,1857.0979554484825
4,47,1486.4262320592677
47,4,1486.4262320592677
4,45,1676.329929775937
45,4,1676.329929775937
4,32,3240.1257548727735
32,4,3240.1257548727735
4,30,3436.4160243132756
30,4,3436.4160243132756
4,18,3794.2679793433126
18,4,3794.2679793433126
4,37,2431.8135118969913
37,4,2431.8135118969913
4,14,2513.216179535623
14,4,2513.216179535623
4,22,3065.889083507407
22,4,3065.889083507407
4,16,3014.780386778168
16,4,3014.780386778168
4,9,1696.0629716766462
9,4,1696.0629716766462
4,21,2960.978380588389
21,4,2960.978380588389
4,17,2445.3979744583326
17,4,2445.3979744583326
4,10,1710.9967690452636
10,4,1710.9967690452636
4,29,3337.767598781036
29,4,3337.767598781036
4,28,3735.715397553426
28,4,3735.715397553426
4,31,3295.8978997562367
31,4,3295.8978997562367
4,11,1299.556302515821
11,4,1299.556302515821
4,26,3822.2472490571176
26,4,3822.2472490571176
4,12,2115.8977146599104
12,4,2115.8977146599104
4,13,2291.3952771553204
13,4,2291.3952771553204
4,25,3343.958476640174
25,4,3343.958476640174
4,41,2178.614067785927
41,4,2178.614067785927
4,3,386.0032086841648
3,4,386.0032086841648
4,1,986.4856554275337
1,4,986.4856554275337
4,43,2127.138830756234
43,4,2127.138830756234
4,23,3431.325928837822
23,4,3431.325928837822
4,20,3274.7097109756487
20,4,3274.7097109756487
4,24,3900.094756594215
24,4,3900.094756594215
4,49,1552.9165018374256
49,4,1552.9165018374256
4,2,709.0961943231658
2,4,709.0961943231658
4,48,1839.357149334729
48,4,1839.357149334729
4,34,3014.0185488869806
34,4,3014.0185488869806
4,19,3482.672079843318
19,4,3482.672079843318
4,46,1540.9487905760427
46,4,1540.9487905760427
4,44,2121.6580578999074
44,4,2121.6580578999074
4,33,3387.241158976162
33,4,3387.241158976162
4,39,2743.737301866576
39,4,2743.737301866576
4,15,2662.394048141874
15,4,2662.394048141874
4,35,2869.3159563415793
35,4,2869.3159563415793
4,36,2647.5958749361
36,4,2647.5958749361
4,40,2438.9165785284586
40,4,2438.9165785284586
4,38,2495.445935142327
38,4,2495.445935142327
4,42,2192.4319852774
42,4,2192.4319852774
6,7,616.8700330852784
7,6,616.8700330852784
6,8,1227.7545742613595
8,6,1227.7545742613595
6,47,1799.1256688116082
47,6,1799.1256688116082
6,45,1507.1683800044132
45,6,1507.1683800044132
6,32,2992.9228182034312
32,6,2992.9228182034312
6,30,3001.1323647992504
30,6,3001.1323647992504
6,18,3155.7555016150636
18,6,3155.7555016150636
6,37,1984.643309723489
37,6,1984.643309723489
6,14,1871.892030452769
14,6,1871.892030452769
6,22,2475.9029282851725
22,6,2475.9029282851725
6,16,2373.477327930314
16,6,2373.477327930314
6,9,1189.2065504343923
9,6,1189.2065504343923
6,21,2349.743206065451
21,6,2349.743206065451
6,17,1880.9862410321684
17,6,1880.9862410321684
6,10,1290.0009488062935
10,6,1290.0009488062935
6,29,2857.8496629711876
29,6,2857.8496629711876
6,28,3217.3026953995436
28,6,3217.3026953995436
6,31,2945.8353386923527
31,6,2945.8353386923527
6,11,1078.7855159838261
11,6,1078.7855159838261
6,26,3224.653118190638
26,6,3224.653118190638
6,12,1622.9040291376689
12,6,1622.9040291376689
6,13,1664.6378996553713
13,6,1664.6378996553713
6,25,2787.8511070906047
25,6,2787.8511070906047
6,41,1974.5948578572682
41,6,1974.5948578572682
6,3,1026.798003097912
3,6,1026.798003097912
6,1,1627.4739754113982
1,6,1627.4739754113982
6,43,2222.2381992972905
43,6,2222.2381992972905
6,23,2828.13370631852
23,6,2828.13370631852
6,20,2642.391937440605
20,6,2642.391937440605
6,24,3269.469806107916
24,6,3269.469806107916
6,49,1995.9163991704727
49,6,1995.9163991704727
6,2,1292.1749357858582
2,6,1292.1749357858582
6,48,2208.7297846951396
48,6,2208.7297846951396
6,34,2687.4569070897955
34,6,2687.4569070897955
6,19,2841.381781053737
19,6,2841.381781053737
6,46,1652.2351210732177
46,6,1652.2351210732177
6,44,2282.2502911835486
44,6,2282.2502911835486
6,33,3294.497277999935
33,6,3294.497277999935
6,39,2490.4065508063973
39,6,2490.4065508063973
6,15,2024.3992098637236
15,6,2024.3992098637236
6,35,2455.7529637433126
35,6,2455.7529637433126
6,36,2189.1235232448985
36,6,2189.1235232448985
6,40,2280.340866371269
40,6,2280.340866371269
6,38,2107.5676785823493
38,6,2107.5676785823493
6,42,2166.246113871834
42,6,2166.246113871834
7,8,651.3381654731697
8,7,651.3381654731697
7,47,2244.6736713856653
47,7,2244.6736713856653
7,45,1603.1269224148098
45,7,1603.1269224148098
7,32,2885.917900602778
32,7,2885.917900602778
7,30,2674.1662186638546
30,7,2674.1662186638546
7,18,2541.4000993294553
18,7,2541.4000993294553
7,37,1690.4580580249615
37,7,1690.4580580249615
7,14,1255.2490763392814
14,7,1255.2490763392814
7,22,1947.0170789955255
22,7,1947.0170789955255
7,16,1757.0042135132649
16,7,1757.0042135132649
7,9,898.3426267644921
9,7,898.3426267644921
7,21,1788.0507151658542
21,7,1788.0507151658542
7,17,1411.795625579644
17,7,1411.795625579644
7,10,1120.1882105430502
10,7,1120.1882105430502
7,29,2477.651762983089
29,7,2477.651762983089
7,28,2777.660079750407
28,7,2777.660079750407
7,31,2724.421860421602
31,7,2724.421860421602
7,11,1209.8325196918854
11,7,1209.8325196918854
7,26,2675.6100409852193
26,7,2675.6100409852193
7,12,1291.863225657089
12,7,1291.863225657089
7,13,1083.4114567540935
13,7,1083.4114567540935
7,25,2304.276821140026
25,7,2304.276821140026
7,41,1977.9629750535546
41,7,1977.9629750535546
7,3,1643.6660699356503
3,7,1643.6660699356503
7,1,2244.341291056435
1,7,2244.341291056435
7,43,2483.771501958038
43,7,2483.771501958038
7,23,2274.1767699175484
23,7,2274.1767699175484
7,20,2042.9059866923528
20,7,2042.9059866923528
7,24,2671.1413282280128
24,7,2671.1413282280128
7,49,2511.0475137328344
49,7,2511.0475137328344
7,2,1886.089428829742
2,7,1886.089428829742
7,48,2671.365060478385
48,7,2671.365060478385
7,34,2504.656232770508
34,7,2504.656232770508
7,19,2224.5537488657433
19,7,2224.5537488657433
7,46,1972.0325023022017
46,7,1972.0325023022017
7,44,2592.5487847483205
44,7,2592.5487847483205
7,33,3334.9618818951867
33,7,3334.9618818951867
7,39,2401.4523283623266
39,7,2401.4523283623266
7,15,1411.544840631405
15,7,1411.544840631405
7,35,2177.865861353616
35,7,2177.865861353616
7,36,1865.6788665623562
36,7,1865.6788665623562
7,40,2305.865813606091
40,7,2305.865813606091
7,38,1884.031954920919
38,7,1884.031954920919
7,42,2327.3589840553022
42,7,2327.3589840553022
8,47,2569.780382305166
47,8,2569.780382305166
8,45,1633.774952770708
45,8,1633.774952770708
8,32,2589.0788043301764
32,8,2589.0788043301764
8,30,2168.272137203387
30,8,2168.272137203387
8,18,2040.7000035060507
18,8,2040.7000035060507
8,37,1276.122600177953
37,8,1276.122600177953
8,14,738.013708748686
14,8,738.013708748686
8,22,1301.652630255824
22,8,1301.652630255824
8,16,1210.5882294248108
16,8,1210.5882294248108
8,9,682.7063557628518
9,8,682.7063557628518
8,21,1136.8134376252126
21,8,1136.8134376252126
8,17,823.8046767487992
17,8,823.8046767487992
8,10,971.8567593638287
10,8,971.8567593638287
8,29,1929.3380865065837
29,8,1929.3380865065837
8,28,2176.1211122730324
28,8,2176.1211122730324
8,31,2318.6203535024715
31,8,2318.6203535024715
8,11,1354.7640379062068
11,8,1354.7640379062068
8,26,2024.392870084615
26,8,2024.392870084615
8,12,890.9717940317222
12,8,890.9717940317222
8,13,437.24522264504816
13,8,437.24522264504816
8,25,1679.2684586589155
25,8,1679.2684586589155
8,41,1861.7540612398027
41,8,1861.7540612398027
8,3,2235.157253991513
3,8,2235.157253991513
8,1,2830.9019766650354
1,8,2830.9019766650354
8,43,2597.1764146071678
43,8,2597.1764146071678
8,23,1622.8514819117072
23,8,1622.8514819117072
8,20,1417.699187584698
20,8,1417.699187584698
8,24,2043.1870672334335
24,8,2043.1870672334335
8,49,2906.5314267472518
49,8,2906.5314267472518
8,2,2518.309889790077
2,8,2518.309889790077
8,48,2997.313250705589
48,8,2997.313250705589
8,34,2148.5450506606494
34,8,2148.5450506606494
8,19,1679.5240285254822
19,8,1679.5240285254822
8,46,2183.8358976727463
46,8,2183.8358976727463
8,44,2751.7794091029295
44,8,2751.7794091029295
8,33,3172.260504637961
33,8,3172.260504637961
8,39,2150.088742407497
39,8,2150.088742407497
8,15,972.4692823636937
15,8,972.4692823636937
8,35,1741.8163955634718
35,8,1741.8163955634718
8,36,1402.441581111477
36,8,1402.441581111477
8,40,2182.9736896147647
40,8,2182.9736896147647
8,38,1529.5576538342673
38,8,1529.5576538342673
8,42,2345.7220433285943
42,8,2345.7220433285943
47,45,1224.7106002013218
45,47,1224.7106002013218
47,32,2474.3727690159512
32,47,2474.3727690159512
47,30,3131.762735768926
30,47,3131.762735768926
47,18,4598.7180434898955
18,47,4598.7180434898955
47,37,2346.1262125355115
37,47,2346.1262125355115
47,14,3307.1717142224607
14,47,3307.1717142224607
47,22,3366.0650060988173
22,47,3366.0650060988173
47,16,3759.4336276751224
16,47,3759.4336276751224
47,9,2016.1783652519894
9,47,2016.1783652519894
47,21,3386.928136944686
21,47,3386.928136944686
47,17,2732.8520499961924
17,47,2732.8520499961924
47,10,1811.1596835621208
10,47,1811.1596835621208
47,29,3183.5671889533087
29,47,3183.5671889533087
47,28,3665.9727396362337
28,47,3665.9727396362337
47,31,2774.7298938874706
31,47,2774.7298938874706
47,11,1254.9421909452783
11,47,1254.9421909452783
47,26,4086.3584727847187
26,47,4086.3584727847187
47,12,2249.681479693432
12,47,2249.681479693432
47,13,2908.833845935754
13,47,2908.833845935754
47,25,3461.3238715782863
25,47,3461.3238715782863
47,41,1557.625278379205
41,47,1557.625278379205
47,3,1384.3847701432924
3,47,1384.3847701432924
47,1,1456.1615426926771
1,47,1456.1615426926771
47,43,864.8918230796572
43,47,864.8918230796572
47,23,3760.877328045495
23,47,3760.877328045495
47,20,3829.0503604356513
20,47,3829.0503604356513
47,24,4391.740360552741
24,47,4391.740360552741
47,49,448.6906092023458
49,47,448.6906092023458
47,2,1804.6552573159988
2,47,1804.6552573159988
47,48,429.65235104260177
48,47,429.65235104260177
47,34,2477.4135729771624
34,47,2477.4135729771624
47,19,4216.0398710545705
19,47,4216.0398710545705
47,46,540.7193363667925
46,47,540.7193363667925
47,44,745.4284570023668
44,47,745.4284570023668
47,33,2279.8494786174288
33,47,2279.8494786174288
47,39,2079.827234463048
39,47,2079.827234463048
47,15,3536.943177148958
15,47,3536.943177148958
47,35,2591.607752464778
35,47,2591.607752464778
47,36,2544.142486831476
36,47,2544.142486831476
47,40,1629.000745108155
40,47,1629.000745108155
47,38,2230.6475201274434
38,47,2230.6475201274434
47,42,1162.0148223327808
42,47,1162.0148223327808
45,32,1565.509789871464
32,45,1565.509789871464
45,30,1958.0531060337353
30,45,1958.0531060337353
45,18,3546.9840540321784
18,45,3546.9840540321784
45,37,1121.5837204750499
37,45,1121.5837204750499
45,14,2324.0742869152755
14,45,2324.0742869152755
45,22,2171.214567777413
22,45,2171.214567777413
45,16,2714.5467526178013
16,45,2714.5467526178013
45,9,964.9697022908432
9,45,964.9697022908432
45,21,2225.850947396891
21,45,2225.850947396891
45,17,1562.118604736055
17,45,1562.118604736055
45,10,691.2924645624873
10,45,691.2924645624873
45,29,1973.6040545219719
29,45,1973.6040545219719
45,28,2449.296470400987
28,45,2449.296470400987
45,31,1688.6656499478545
31,45,1688.6656499478545
45,11,428.8963444704736
11,45,428.8963444704736
45,26,2872.597154261376
26,45,2872.597154261376
45,12,1068.1293215442522
12,45,1068.1293215442522
45,13,1865.0845228622
13,45,1865.0845228622
45,25,2238.713208640834
25,45,2238.713208640834
45,41,502.6247120281414
41,45,502.6247120281414
45,3,1858.1170252526365
3,45,1858.1170252526365
45,1,2262.667655422007
1,45,2262.667655422007
45,43,969.2670962273191
43,45,969.2670962273191
45,23,2562.9613673028375
23,45,2562.9613673028375
45,20,2694.691680683517
20,45,2694.691680683517
45,24,3220.536604060529
24,45,3220.536604060529
45,49,1663.2419919018678
49,45,1663.2419919018678
45,2,2317.872672904274
2,45,2317.872672904274
45,48,1590.9141687583744
48,45,1590.9141687583744
45,34,1391.7123795643836
34,45,1391.7123795643836
45,19,3143.033275628635
19,45,3143.033275628635
45,46,697.855877115858
46,45,697.855877115858
45,44,1144.352643855462
44,45,1144.352643855462
45,33,1787.7081751459998
33,45,1787.7081751459998
45,39,1074.8111053761709
39,45,1074.8111053761709
45,15,2584.843259842693
15,45,2584.843259842693
45,35,1396.0684828646765
35,45,1396.0684828646765
45,36,1320.2687062683528
36,45,1320.2687062683528
45,40,778.6278058280591
40,45,778.6278058280591
45,38,1020.6753297346446
38,45,1020.6753297346446
45,42,729.2955934162069
42,45,729.2955934162069
32,30,1107.005890751824
30,32,1107.005890751824
32,18,3903.7447774530447
18,32,3903.7447774530447
32,37,1337.828443052776
37,32,1337.828443052776
32,14,3026.4268111163856
14,32,3026.4268111163856
32,22,2233.8533578629176
22,32,2233.8533578629176
32,16,3207.2706962871216
16,32,3207.2706962871216
32,9,1999.6014277216548
9,32,1999.6014277216548
32,21,2453.8785373654914
21,32,2453.8785373654914
32,17,1973.8484385641623
17,32,1973.8484385641623
32,10,1767.9307522125198
10,32,1767.9307522125198
32,29,1383.5587776639798
29,32,1383.5587776639798
32,28,1806.9934996398767
28,32,1806.9934996398767
32,31,565.2259422824893
31,32,565.2259422824893
32,11,1953.060917925389
11,32,1953.060917925389
32,26,2617.773549258388
26,32,2617.773549258388
32,12,1698.9325358916944
12,32,1698.9325358916944
32,13,2553.8846241138463
13,32,2553.8846241138463
32,25,1980.8324017220543
25,32,1980.8324017220543
32,41,1063.0826462355183
41,32,1063.0826462355183
32,3,3416.6509982005227
3,32,3416.6509982005227
32,1,3773.2170133947807
1,32,3773.2170133947807
32,43,1691.0277528499016
43,32,1691.0277528499016
32,23,2507.2606322695506
23,32,2507.2606322695506
32,20,2925.248307484664
20,32,2925.248307484664
32,24,3207.483217532932
24,32,3207.483217532932
32,49,2906.104114112444
49,32,2906.104114112444
32,2,3879.739337486725
2,32,3879.739337486725
32,48,2666.0267995197332
48,32,2666.0267995197332
32,34,491.0988026342566
34,32,491.0988026342566
32,19,3494.5743115100927
19,32,3494.5743115100927
32,46,1981.9563698826935
46,32,1981.9563698826935
32,44,1906.9342762440394
44,32,1906.9342762440394
32,33,837.072011553254
33,32,837.072011553254
32,39,503.020385842538
39,32,503.020385842538
32,15,3296.377770217723
15,32,3296.377770217723
32,35,985.8811789950836
35,32,985.8811789950836
32,36,1296.5306989418175
36,32,1296.5306989418175
32,40,857.9563826859061
40,32,857.9563826859061
32,38,1062.7059383418502
38,32,1062.7059383418502
32,42,1317.7699243220136
42,32,1317.7699243220136
30,18,2964.0305751634864
18,30,2964.0305751634864
30,37,1016.7119377603278
37,30,1016.7119377603278
30,14,2351.1423301996656
14,30,2351.1423301996656
30,22,1324.2182001443516
22,30,1324.2182001443516
30,16,2385.375084323079
16,30,2385.375084323079
30,9,1819.9000529398527
9,30,1819.9000529398527
30,21,1592.2337271443416
21,30,1592.2337271443416
30,17,1365.4647976499718
17,30,1365.4647976499718
30,10,1729.8718618292753
10,30,1729.8718618292753
30,29,335.9033998586076
29,30,335.9033998586076
30,28,700.0169450779423
28,30,700.0169450779423
30,31,541.7800597264794
31,30,541.7800597264794
30,11,2186.84708064825
11,30,2186.84708064825
30,26,1539.5194732802415
26,30,1539.5194732802415
30,12,1391.9660553349058
12,30,1391.9660553349058
30,13,1954.6947555600098
13,30,1954.6947555600098
30,25,958.6487373512543
25,30,958.6487373512543
30,41,1577.4547966872954
41,30,1577.4547966872954
30,3,3710.4649532733797
3,30,3710.4649532733797
30,1,4186.633419850281
1,30,4186.633419850281
30,43,2517.213394186157
43,30,2517.213394186157
30,23,1500.6550658176077
23,30,1500.6550658176077
30,20,1999.8214782419047
20,30,1999.8214782419047
30,24,2166.8748148785658
24,30,2166.8748148785658
30,49,3580.3599340395144
49,30,3580.3599340395144
30,2,4137.6607677925695
2,30,4137.6607677925695
30,48,3426.5661888797736
48,30,3426.5661888797736
30,34,738.0819779795888
34,30,738.0819779795888
30,19,2576.8993793753452
19,30,2576.8993793753452
30,46,2592.1007152864518
46,30,2592.1007152864518
30,44,2746.822325767617
44,30,2746.822325767617
30,33,1943.1485516187186
33,30,1943.1485516187186
30,39,1151.3955929968502
39,30,1151.3955929968502
30,15,2592.456087496437
15,30,2592.456087496437
30,35,573.5136227850395
35,30,573.5136227850395
30,36,815.312651819726
36,30,815.312651819726
30,40,1603.576247845232
40,30,1603.576247845232
30,38,957.5217690194813
38,30,957.5217690194813
30,42,2105.0395230804584
42,30,2105.0395230804584
18,37,2694.0503269020023
37,18,2694.0503269020023
18,14,1308.1375051520702
14,18,1308.1375051520702
18,22,1672.3590095358204
22,18,1672.3590095358204
18,16,840.0248316103365
16,18,840.0248316103365
18,9,2604.9722149941076
9,18,2604.9722149941076
18,21,1456.3557175862447
21,18,1456.3557175862447
18,17,2053.137287599969
17,18,2053.137287599969
18,10,2857.941072817568
10,18,2857.941072817568
18,29,2628.3726369909214
29,18,2628.3726369909214
18,28,2449.275051832763
28,18,2449.275051832763
18,31,3411.5491233352996
31,18,3411.5491233352996
18,11,3355.8364850420817
11,18,3355.8364850420817
18,26,1606.8806568340974
26,18,1606.8806568340974
18,12,2519.184005606322
12,18,2519.184005606322
18,13,1695.4019276667725
13,18,1695.4019276667725
18,25,2009.0812542333663
25,18,2009.0812542333663
18,41,3603.1413730737872
41,18,3603.1413730737872
18,3,4180.207187500859
3,18,4180.207187500859
18,1,4780.001673660805
1,18,4780.001673660805
18,43,4506.864867831968
43,18,4506.864867831968
18,23,1474.4515730990895
23,18,1474.4515730990895
18,20,979.0581056087606
20,18,979.0581056087606
18,24,975.299574741343
24,18,975.299574741343
18,49,4946.484644535411
49,18,4946.484644535411
18,2,4370.110996448989
2,18,4370.110996448989
18,48,5022.636250593219
48,18,5022.636250593219
18,34,3414.5387094402363
34,18,3414.5387094402363
18,19,416.6711298323795
19,18,416.6711298323795
18,46,4175.922301869228
46,18,4175.922301869228
18,44,4691.22681640344
44,18,4691.22681640344
18,33,4682.142269628245
33,18,4682.142269628245
18,39,3637.0879503299097
39,18,3637.0879503299097
18,15,1131.9267226543038
15,18,1131.9267226543038
18,35,2920.7785349253295
35,18,2920.7785349253295
18,36,2644.827155277159
36,18,2644.827155277159
18,40,3869.777510217722
40,18,3869.777510217722
18,38,2974.8238330425324
38,18,2974.8238330425324
18,42,4183.317100746639
42,18,4183.317100746639
37,14,1695.863935798248
14,37,1695.863935798248
37,22,1120.7718145093893
22,37,1120.7718145093893
37,16,1928.1149000753226
16,37,1928.1149000753226
37,9,809.7873225970786
9,37,809.7873225970786
37,21,1253.9322436755697
21,37,1253.9322436755697
37,17,659.8209323291745
17,37,659.8209323291745
37,10,720.842171771462
10,37,720.842171771462
37,29,913.349722278509
29,37,913.349722278509
37,28,1355.2871573344432
28,37,1355.2871573344432
37,31,1047.8562409815904
31,37,1047.8562409815904
37,11,1232.3777348621618
11,37,1232.3777348621618
37,26,1767.871945179721
26,37,1767.871945179721
37,12,401.5317306267011
12,37,401.5317306267011
37,13,1217.7633336087688
13,37,1217.7633336087688
37,25,1119.8106003014918
25,37,1119.8106003014918
37,41,957.313004433481
41,37,957.313004433481
37,3,2723.1763736403727
3,37,2723.1763736403727
37,1,3228.890437204021
1,37,3228.890437204021
37,43,1944.8603351066117
43,37,1944.8603351066117
37,23,1493.2209509330853
23,37,1493.2209509330853
37,20,1747.1227121811007
20,37,1747.1227121811007
37,24,2186.674421956184
24,37,2186.674421956184
37,49,2782.0832330406242
49,37,2782.0832330406242
37,2,3137.624477361441
2,37,3137.624477361441
37,48,2706.309521580636
48,37,2706.309521580636
37,34,876.2361233068464
34,37,876.2361233068464
37,19,2277.381824376505
19,37,2277.381824376505
37,46,1816.943975383665
46,37,1816.943975383665
37,44,2160.436385675492
44,37,2160.436385675492
37,33,2022.3269869044564
33,37,2022.3269869044564
37,39,963.5258627520262
39,37,963.5258627520262
37,15,1968.4929776782506
15,37,1968.4929776782506
37,35,487.41948687874844
35,37,487.41948687874844
37,36,218.7827318273313
36,37,218.7827318273313
37,40,1184.5166186328752
40,37,1184.5166186328752
37,38,289.40844705478634
38,37,289.40844705478634
37,42,1565.2481484141665
42,37,1565.2481484141665
14,22,1135.4679710769033
22,14,1135.4679710769033
14,16,501.91621466236916
16,14,501.91621466236916
14,9,1359.61411177005
9,14,1359.61411177005
14,21,865.7686476946274
21,14,865.7686476946274
14,17,1055.1585863643973
17,14,1055.1585863643973
14,10,1636.71775146667
10,14,1636.71775146667
14,29,2046.750185728799
29,14,2046.750185728799
14,28,2128.555518401345
28,14,2128.555518401345
14,31,2645.7353795232652
31,14,2645.7353795232652
14,11,2081.7389593358803
11,14,2081.7389593358803
14,26,1675.965073801041
26,14,1675.965073801041
14,12,1398.611002118591
12,14,1398.611002118591
14,13,487.47988735652973
13,14,487.47988735652973
14,25,1587.6953139358905
25,14,1587.6953139358905
14,41,2475.1972571472998
41,14,2475.1972571472998
14,3,2898.4759179293346
3,14,2898.4759179293346
14,1,3499.0784074915878
1,14,3499.0784074915878
14,43,3293.3334165352844
43,14,3293.3334165352844
14,23,1296.3180736822299
23,14,1296.3180736822299
14,20,874.7253393628599
20,14,874.7253393628599
14,24,1481.862134494384
24,14,1481.862134494384
14,49,3643.415807312692
49,14,3643.415807312692
14,2,3127.4382870614254
2,14,3127.4382870614254
14,48,3734.1906173679176
48,14,3734.1906173679176
14,34,2547.117428268456
34,14,2547.117428268456
14,19,969.8776880964863
19,14,969.8776880964863
14,46,2910.0919767901373
46,14,2910.0919767901373
14,44,3460.2587951568376
44,14,3460.2587951568376
14,33,3707.1788592333723
33,14,3707.1788592333723
14,39,2651.75904289097
39,14,2651.75904289097
14,15,274.74724298363685
15,14,274.74724298363685
14,35,2074.4724238549625
35,14,2074.4724238549625
14,36,1738.1357848576934
36,14,1738.1357848576934
14,40,2777.7345209866644
40,14,2777.7345209866644
14,38,1982.8317216794142
38,14,1982.8317216794142
14,42,3009.9594437548367
42,14,3009.9594437548367
22,16,1067.1574064645897
16,22,1067.1574064645897
22,9,1425.578114440066
9,22,1425.578114440066
22,21,281.6679937007013
21,22,281.6679937007013
22,17,648.4044782332888
17,22,648.4044782332888
22,10,1564.315931404749
10,22,1564.315931404749
22,29,992.1002789986015
29,22,992.1002789986015
22,28,993.8464889972039
28,22,993.8464889972039
22,31,1741.2073783372389
31,22,1741.2073783372389
22,11,2139.726345737597
11,22,2139.726345737597
22,26,759.4393835153777
26,22,759.4393835153777
22,12,1116.4476612410217
12,22,1116.4476612410217
22,13,906.720622717565
13,22,906.720622717565
22,25,453.1501396954832
25,22,453.1501396954832
22,41,2077.616474860921
41,22,2077.616474860921
22,3,3421.1243995456234
3,22,3421.1243995456234
22,1,3992.666395160667
1,22,3992.666395160667
22,43,3056.8731906112835
43,22,3056.8731906112835
22,23,395.14075221320667
23,22,395.14075221320667
22,20,693.4643110949424
20,22,693.4643110949424
22,24,1066.237393397876
24,22,1066.237393397876
22,49,3779.208395122585
49,22,3779.208395122585
22,2,3759.700545229401
2,22,3759.700545229401
22,48,3756.02984069491
48,22,3756.02984069491
22,34,1746.7559135682093
34,22,1746.7559135682093
22,19,1269.0833531159055
19,22,1269.0833531159055
22,46,2863.5425330288735
46,22,2863.5425330288735
22,44,3267.1074128058585
44,22,3267.1074128058585
22,33,3026.3631430094642
33,22,3026.3631430094642
22,39,2001.1906483827122
39,22,2001.1906483827122
22,15,1333.142519809586
15,22,1333.142519809586
22,35,1256.2855796021772
35,22,1256.2855796021772
22,36,1014.5532681146904
36,22,1014.5532681146904
22,40,2295.799315605591
40,22,2295.799315605591
22,38,1371.3452306774386
38,22,1371.3452306774386
22,42,2684.6518204598206
42,22,2684.6518204598206
16,9,1766.4178433607767
9,16,1766.4178433607767
16,21,793.178288001421
21,16,793.178288001421
16,17,1269.9447473460268
17,16,1269.9447473460268
16,10,2023.858821131084
10,16,2023.858821131084
16,29,2056.755838583489
29,16,2056.755838583489
16,28,2019.5362405447743
28,16,2019.5362405447743
16,31,2763.02483976703
31,16,2763.02483976703
16,11,2515.833351754857
11,16,2515.833351754857
16,26,1383.4820893484296
26,16,1383.4820893484296
16,12,1707.8930950605184
12,16,1707.8930950605184
16,13,855.9475998788837
13,16,855.9475998788837
16,25,1497.4261749651314
25,16,1497.4261749651314
16,41,2798.970907732475
41,16,2798.970907732475
16,3,3399.8596431246447
3,16,3399.8596431246447
16,1,4000.3817360069133
1,16,4000.3817360069133
16,43,3678.6042924785106
43,16,3678.6042924785106
16,23,1065.430362982982
23,16,1065.430362982982
16,20,519.7061490222051
20,16,519.7061490222051
16,24,1041.3967487720658
24,16,1041.3967487720658
16,49,4111.254413202682
49,16,4111.254413202682
16,2,3627.7762487975715
2,16,3627.7762487975715
16,48,4182.887695623874
48,16,4182.887695623874
16,34,2716.91700496864
34,16,2716.91700496864
16,19,470.93459317739365
19,16,470.93459317739365
16,46,3336.6959875331013
46,16,3336.6959875331013
16,44,3858.732416751658
44,16,3858.732416751658
16,33,3946.253956890407
33,16,3946.253956890407
16,39,2889.094734593551
39,16,2889.094734593551
16,15,445.16408365654655
15,16,445.16408365654655
16,35,2224.515902391756
35,16,2224.515902391756
16,36,1915.3385788625894
36,16,1915.3385788625894
16,40,3080.185444848749
40,16,3080.185444848749
16,38,2216.107858215512
38,16,2216.107858215512
16,42,3366.325678389807
42,16,3366.325678389807
9,21,1392.0895785817927
21,9,1392.0895785817927
9,17,778.9956735579583
17,9,778.9956735579583
9,10,289.16614225911934
10,9,289.16614225911934
9,29,1668.8334927247656
29,9,1668.8334927247656
9,28,2042.6616499772667
28,9,2042.6616499772667
9,31,1828.283194107376
31,9,1828.283194107376
9,11,761.3022557357536
11,9,761.3022557357536
9,26,2182.233524077499
26,9,2182.233524077499
9,12,433.7038268063462
12,9,433.7038268063462
9,13,910.8022982350265
13,9,910.8022982350265
9,25,1654.396618003083
25,9,1654.396618003083
9,41,1184.7330046542318
41,9,1184.7330046542318
9,3,2026.533991527097
3,9,2026.533991527097
9,1,2580.4599564465543
1,9,2580.4599564465543
9,43,1934.0238144244188
43,9,1934.0238144244188
9,23,1814.078051014468
23,9,1814.078051014468
9,20,1815.0835492799183
20,9,1815.0835492799183
9,24,2394.254255650978
24,9,2394.254255650978
9,49,2399.450444468785
49,9,2399.450444468785
9,2,2404.337443590219
2,9,2404.337443590219
9,48,2431.692814225243
48,9,2431.692814225243
9,34,1606.6196348559897
34,9,1606.6196348559897
9,19,2210.596838425866
19,9,2210.596838425866
9,46,1571.2786879834634
46,9,1571.2786879834634
9,44,2101.6856382239193
44,9,2101.6856382239193
9,33,2516.0205732648715
33,9,2516.0205732648715
9,39,1528.0647728098022
39,9,1528.0647728098022
9,15,1619.9575913435172
15,9,1619.9575913435172
9,35,1294.0610604626843
35,9,1294.0610604626843
9,36,1004.827687374723
36,9,1004.827687374723
9,40,1509.7673727718695
40,9,1509.7673727718695
9,38,985.9094178031125
38,9,985.9094178031125
9,42,1665.641185238387
42,9,1665.641185238387
21,17,663.7972843408571
17,21,663.7972843408571
21,10,1576.1397414515948
10,21,1576.1397414515948
21,29,1263.934824679051
29,21,1263.934824679051
21,28,1271.0953398571878
28,21,1271.0953398571878
21,31,1983.8908676638646
31,21,1983.8908676638646
21,11,2139.4519575457884
11,21,2139.4519575457884
21,26,890.1121249794637
26,21,890.1121249794637
21,12,1157.8853764084652
12,21,1157.8853764084652
21,13,710.5651667191277
13,21,710.5651667191277
21,25,732.0416924571451
25,21,732.0416924571451
21,41,2193.984763269146
41,21,2193.984763269146
21,3,3327.473762195082
3,21,3327.473762195082
21,1,3911.0183209946854
1,21,3911.0183209946854
21,43,3147.679197980598
43,21,3147.679197980598
21,23,487.68881361450605
23,21,487.68881361450605
21,20,493.2151907220504
20,21,493.2151907220504
21,24,1005.2213170174454
24,21,1005.2213170174454
21,49,3785.0212053797545
49,21,3785.0212053797545
21,2,3641.3762310290545
2,21,3641.3762310290545
21,48,3789.845088513835
48,21,3789.845088513835
21,34,1963.2170557273655
34,21,1963.2170557273655
21,19,1042.8852959639491
19,21,1042.8852959639491
21,46,2904.320797045104
46,21,2904.320797045104
21,44,3349.457673217977
44,21,3349.457673217977
21,33,3225.7947551878856
33,21,3225.7947551878856
21,39,2182.525911090747
39,21,2182.525911090747
21,15,1053.2256506236338
15,21,1053.2256506236338
21,35,1468.401069221354
35,21,1468.401069221354
21,36,1189.2348529562748
36,21,1189.2348529562748
21,40,2438.2074303364934
40,21,2438.2074303364934
21,38,1526.8559536268274
38,21,1526.8559536268274
21,42,2792.9967429072376
42,21,2792.9967429072376
17,10,923.1605619730436
10,17,923.1605619730436
17,29,1108.401943623009
29,17,1108.401943623009
17,28,1366.144673032632
28,17,1366.144673032632
17,31,1597.8726074341425
31,17,1597.8726074341425
17,11,1495.5795250155134
11,17,1495.5795250155134
17,26,1403.2898149417315
26,17,1403.2898149417315
17,12,494.08809570730347
12,17,494.08809570730347
17,13,602.8918311468801
13,17,602.8918311468801
17,25,906.9561351076175
25,17,906.9561351076175
17,41,1552.0981195405964
41,17,1552.0981195405964
17,3,2791.150528158779
3,17,2791.150528158779
17,1,3354.8119499559543
1,17,3354.8119499559543
17,43,2488.207417088626
43,17,2488.207417088626
17,23,1040.7111859808754
23,17,1040.7111859808754
17,20,1141.0096086862525
20,17,1141.0096086862525
17,24,1662.0911111509097
24,17,1662.0911111509097
17,49,3139.1206726385963
49,17,3139.1206726385963
17,2,3147.295225585676
2,17,3147.295225585676
17,48,3131.094856953766
48,17,3131.094856953766
17,34,1492.248689637543
34,17,1492.248689637543
17,19,1637.5170535549933
19,17,1637.5170535549933
17,46,2243.0042335444605
46,17,2243.0042335444605
17,44,2687.5586449880457
44,17,2687.5586449880457
17,33,2681.847911096433
33,17,2681.847911096433
17,39,1623.1507782302645
39,17,1623.1507782302645
17,15,1323.0107625737508
15,17,1323.0107625737508
17,35,1021.5740251268252
35,17,1021.5740251268252
17,36,683.0463032816555
36,17,683.0463032816555
17,40,1817.7061641385437
40,17,1817.7061641385437
17,38,948.9908130117803
38,17,948.9908130117803
17,42,2142.0728346723035
42,17,2142.0728346723035
10,29,1630.1166795530341
29,10,1630.1166795530341
10,28,2049.469924061407
28,10,2049.469924061407
10,31,1658.9764494310823
31,10,1658.9764494310823
10,11,576.4518735173361
11,10,576.4518735173361
10,26,2304.3079710480465
26,10,2304.3079710480465
10,12,457.7544064966601
12,10,457.7544064966601
10,13,1173.85415953391
13,10,1173.85415953391
10,25,1723.7144449385
25,10,1723.7144449385
10,41,899.8311814424536
41,10,899.8311814424536
10,3,2006.4205655774642
3,10,2006.4205655774642
10,1,2526.6164844134933
1,10,2526.6164844134933
10,43,1659.1123822529066
43,10,1659.1123822529066
10,23,1959.2375346143053
23,10,1959.2375346143053
10,20,2027.4077862575718
20,10,2027.4077862575718
10,24,2580.6433497375438
24,10,2580.6433497375438
10,49,2216.199249570971
49,10,2216.199249570971
10,2,2416.9278523887333
2,10,2416.9278523887333
10,48,2214.60135612075
48,10,2214.60135612075
10,34,1411.4804267128916
34,10,1411.4804267128916
10,19,2456.4345589439304
19,10,2456.4345589439304
10,46,1334.7655481923325
46,10,1334.7655481923325
10,44,1834.9578347949976
44,10,1834.9578347949976
10,33,2241.60704639187
33,10,2241.60704639187
10,39,1281.2700066697375
39,10,1281.2700066697375
10,15,1900.8792475878142
15,10,1900.8792475878142
10,35,1171.2650925552664
35,10,1171.2650925552664
10,36,937.3141754115304
36,10,937.3141754115304
10,40,1226.934398688853
40,10,1226.934398688853
10,38,817.6670613235729
38,10,817.6670613235729
10,42,1378.8489684527476
42,10,1378.8489684527476
29,28,492.0996329682689
28,29,492.0996329682689
29,31,829.6589416930723
31,29,829.6589416930723
29,11,2140.5415525299254
11,29,2140.5415525299254
29,26,1234.8001904688576
26,29,1234.8001904688576
29,12,1235.388721284723
12,29,1235.388721284723
29,13,1675.0630643858742
13,29,1675.0630643858742
29,25,625.7681339830058
25,29,625.7681339830058
29,41,1660.4875115236807
41,29,1660.4875115236807
29,3,3635.6408120791975
3,29,3635.6408120791975
29,1,4141.022752926277
1,29,4141.022752926277
29,43,2641.9518644406808
43,29,2641.9518644406808
29,23,1167.9407924773975
23,29,1167.9407924773975
29,20,1664.148440060988
20,29,1664.148440060988
29,24,1844.100163095685
24,29,1844.100163095685
29,49,3629.0904583621705
49,29,3629.0904583621705
29,2,4045.4836921124224
2,29,4045.4836921124224
29,48,3507.9728889261737
48,29,3507.9728889261737
29,34,951.9635043693278
34,29,951.9635043693278
29,19,2241.071397724822
19,29,2241.071397724822
29,46,2643.606133393433
46,29,2643.606133393433
29,44,2870.2893872509535
44,29,2870.2893872509535
29,33,2218.4356509513796
33,29,2218.4356509513796
29,39,1329.2138855370506
39,29,1329.2138855370506
29,15,2280.1103737837047
15,29,2280.1103737837047
29,35,601.6722918936306
35,29,601.6722918936306
29,36,694.6481845413672
36,29,694.6481845413672
29,40,1748.7734711276796
40,29,1748.7734711276796
29,38,954.0503185143907
38,29,954.0503185143907
29,42,2231.889569275736
42,29,2231.889569275736
28,31,1241.774444422209
31,28,1241.774444422209
28,11,2586.7163000429045
11,28,2586.7163000429045
28,26,898.913891390885
26,28,898.913891390885
28,12,1620.2560958984377
12,28,1620.2560958984377
28,13,1845.978708119544
13,28,1845.978708119544
28,25,540.8974114454355
25,28,540.8974114454355
28,41,2151.615982808464
41,28,2151.615982808464
28,3,4051.1857931388276
3,28,4051.1857931388276
28,1,4575.305624433277
1,28,4575.305624433277
28,43,3133.9727171714962
43,28,3133.9727171714962
28,23,989.4469121655678
23,28,989.4469121655678
28,20,1550.4235168283392
20,28,1550.4235168283392
28,24,1561.6273049624008
24,28,1561.6273049624008
28,49,4109.84163159317
49,28,4109.84163159317
28,2,4444.758911941552
2,28,4444.758911941552
28,48,3996.472723545898
48,28,3996.472723545898
28,34,1416.2920824384726
34,28,1416.2920824384726
28,19,2099.916103454651
19,28,2099.916103454651
28,46,3127.118228954159
46,28,3127.118228954159
28,44,3362.365041107328
44,28,3362.365041107328
28,33,2642.782441473206
33,28,2642.782441473206
28,39,1810.257104369822
39,28,1810.257104369822
28,15,2324.0434775657827
15,28,2324.0434775657827
28,35,1093.414346353124
35,28,1093.414346353124
28,36,1140.3077473031112
36,28,1140.3077473031112
28,40,2238.3418684348453
40,28,2238.3418684348453
28,38,1435.6715474055216
38,28,1435.6715474055216
28,42,2723.7094578777696
42,28,2723.7094578777696
31,11,2000.8403918010915
11,31,2000.8403918010915
31,26,2063.4816355127396
26,31,2063.4816355127396
31,12,1447.8891242929822
12,31,1447.8891242929822
31,13,2199.4669028012186
13,31,2199.4669028012186
31,25,1443.4557677567414
25,31,1443.4557677567414
31,41,1232.045473456387
41,31,1232.045473456387
31,3,3526.777384186089
3,31,3526.777384186089
31,1,3951.324751588842
1,31,3951.324751588842
31,43,2080.680150737585
43,31,2080.680150737585
31,23,1980.0523071842701
23,31,1980.0523071842701
31,20,2433.99695772342
20,31,2433.99695772342
31,24,2669.5767826764923
24,31,2669.5767826764923
31,49,3220.8001430615036
49,31,3220.8001430615036
31,2,3975.4110482673445
2,31,3975.4110482673445
31,48,3027.9446528033027
48,31,3027.9446528033027
31,34,300.14600196450306
34,31,300.14600196450306
31,19,3010.2870224455196
19,31,3010.2870224455196
31,46,2246.733991142854
46,31,2246.733991142854
31,44,2307.944910652412
44,31,2307.944910652412
31,33,1401.6308300562946
33,31,1401.6308300562946
31,39,703.3842060319865
39,31,703.3842060319865
31,15,2905.9334842038415
15,31,2905.9334842038415
31,35,581.0808489574245
35,31,581.0808489574245
31,36,925.3513737679353
36,31,925.3513737679353
31,40,1169.352065836107
40,31,1169.352065836107
31,38,845.5974187640547
38,31,845.5974187640547
31,42,1675.3290334663443
42,31,1675.3290334663443
11,26,2880.6708582310166
26,11,2880.6708582310166
11,12,1032.7977784872871
12,11,1032.7977784872871
11,13,1661.1169605540601
13,11,1661.1169605540601
11,25,2292.483454655874
25,11,2292.483454655874
11,41,905.5327592806534
41,11,905.5327592806534
